122
269616
32
71
45
4062
29
58
67
2039
42
45
77
73
34
36
2696
71
76
76
14
83
84
1784
29
31
52
45
944
39
104
108
87
10
22
99
1084
54
84
86
94
68
3194
53
70
8
82
44
106
51
55
93
49
67
110
80
141
101
95
28
33
111
52
34
725
3
63
49
117
56
34
57
51
0
66
48
71
38
116
8
5597
53
17
84
64
109
122
80
109
500499
80
84
69
29
83
94
23
80
23
31
48
23
49
27
77
70
60
68
29
2
709
78
36
38
100
79
24
0
51
53
46
